          80
  0.000000000000000E+000  0.000000000000000E+000
  5.000000000000000E-004  0.111615240411947     
  1.000000000000000E-003  0.283651334816919     
  1.500000000000000E-003  0.443313666545630     
  2.000000000000000E-003  0.583824786415682     
  2.500000000000000E-003  0.705741743976051     
  3.000000000000000E-003  0.808569539720175     
  3.500000000000000E-003  0.890865334113858     
  4.000000000000000E-003  0.951013338396114     
  4.500000000000001E-003  0.987675493438902     
  5.000000000000000E-003  0.999996273346828     
  5.500000000000000E-003  0.987687286036336     
  6.000000000000000E-003  0.951056225364758     
  6.500000000000001E-003  0.891006446098344     
  7.000000000000000E-003  0.809016974060538     
  7.500000000000000E-003  0.707106776099527     
  8.000000000000000E-003  0.587785251080958     
  8.500000000000001E-003  0.453990499471451     
  9.000000000000001E-003  0.309016994322665     
  9.500000000000000E-003  0.156434465032648     
  1.000000000000000E-002  1.224646799130345E-016
  1.050000000000000E-002 -0.156434465039608     
  1.100000000000000E-002 -0.309016994374595     
  1.150000000000000E-002 -0.453990499739398     
  1.200000000000000E-002 -0.587785252292418     
  1.250000000000000E-002 -0.707106781186529     
  1.300000000000000E-002 -0.809016994374941     
  1.350000000000000E-002 -0.891006524188366     
  1.400000000000000E-002 -0.951056516295153     
  1.450000000000000E-002 -0.987688340595138     
  1.500000000000000E-002  -1.00000000000000     
  1.550000000000000E-002 -0.987688340595138     
  1.600000000000000E-002 -0.951056516295154     
  1.650000000000000E-002 -0.891006524188368     
  1.700000000000000E-002 -0.809016994374947     
  1.750000000000000E-002 -0.707106781186547     
  1.800000000000000E-002 -0.587785252292473     
  1.850000000000000E-002 -0.453990499739547     
  1.900000000000000E-002 -0.309016994374948     
  1.950000000000000E-002 -0.156434465040231     
  2.000000000000000E-002 -2.449293598294706E-016
  2.050000000000000E-002  0.156434465040232     
  2.100000000000000E-002  0.309016994374947     
  2.150000000000000E-002  0.453990499739547     
  2.200000000000000E-002  0.587785252292472     
  2.250000000000000E-002  0.707106781186547     
  2.300000000000000E-002  0.809016994374947     
  2.350000000000000E-002  0.891006524188368     
  2.400000000000000E-002  0.951056516295154     
  2.450000000000000E-002  0.987688340595138     
  2.500000000000000E-002   1.00000000000000     
  2.550000000000000E-002  0.987688340595138     
  2.600000000000000E-002  0.951056516295154     
  2.650000000000000E-002  0.891006524188368     
  2.700000000000000E-002  0.809016994374948     
  2.750000000000000E-002  0.707106781186548     
  2.800000000000000E-002  0.587785252292473     
  2.850000000000000E-002  0.453990499739546     
  2.900000000000000E-002  0.309016994374946     
  2.950000000000000E-002  0.156434465040230     
  3.000000000000000E-002  3.673940397442059E-016
  3.050000000000000E-002 -0.156434465040230     
  3.100000000000000E-002 -0.309016994374947     
  3.150000000000000E-002 -0.453990499739546     
  3.200000000000000E-002 -0.587785252292473     
  3.250000000000000E-002 -0.707106781186548     
  3.300000000000000E-002 -0.809016994374947     
  3.350000000000000E-002 -0.891006524188368     
  3.400000000000000E-002 -0.951056516295154     
  3.450000000000000E-002 -0.987688340595138     
  3.500000000000000E-002  -1.00000000000000     
  3.550000000000000E-002 -0.987688340595138     
  3.600000000000000E-002 -0.951056516295153     
  3.650000000000000E-002 -0.891006524188368     
  3.700000000000000E-002 -0.809016994374948     
  3.750000000000000E-002 -0.707106781186548     
  3.800000000000000E-002 -0.587785252292473     
  3.850000000000000E-002 -0.453990499739546     
  3.900000000000000E-002 -0.309016994374948     
  3.950000000000000E-002 -0.156434465040230     
