          80
  0.000000000000000E+000  0.000000000000000E+000
  5.000000000000000E-004 -0.666105156050971     
  1.000000000000000E-003 -0.897856356273601     
  1.500000000000000E-003 -0.975144019151911     
  2.000000000000000E-003 -0.987820859547852     
  2.500000000000000E-003 -0.964061150782419     
  3.000000000000000E-003 -0.913040189928559     
  3.500000000000000E-003 -0.838537671095892     
  4.000000000000000E-003 -0.743111086754514     
  4.500000000000001E-003 -0.629312205292191     
  5.000000000000000E-003 -0.499998136673414     
  5.500000000000000E-003 -0.358367566914404     
  6.000000000000000E-003 -0.207911627217091     
  6.500000000000001E-003 -5.233595165609053E-002
  7.000000000000000E-003  0.104528460642945     
  7.500000000000000E-003  0.258819043240542     
  8.000000000000000E-003  0.406736642237454     
  8.500000000000001E-003  0.544639034693401     
  9.000000000000001E-003  0.669130606245648     
  9.500000000000000E-003  0.777145961419300     
  1.000000000000000E-002  0.866025403772411     
  1.050000000000000E-002  0.933580426493487     
  1.100000000000000E-002  0.978147600732690     
  1.150000000000000E-002  0.998629534754248     
  1.200000000000000E-002  0.994521895368180     
  1.250000000000000E-002  0.965925826289042     
  1.300000000000000E-002  0.913545457642594     
  1.350000000000000E-002  0.838670567945422     
  1.400000000000000E-002  0.743144825477393     
  1.450000000000000E-002  0.629320391049837     
  1.500000000000000E-002  0.500000000000000     
  1.550000000000000E-002  0.358367949545300     
  1.600000000000000E-002  0.207911690817759     
  1.650000000000000E-002  5.233595624294336E-002
  1.700000000000000E-002 -0.104528463267654     
  1.750000000000000E-002 -0.258819045102521     
  1.800000000000000E-002 -0.406736643075801     
  1.850000000000000E-002 -0.544639035015026     
  1.900000000000000E-002 -0.669130606358858     
  1.950000000000000E-002 -0.777145961456971     
  2.000000000000000E-002 -0.866025403784439     
  2.050000000000000E-002 -0.933580426497202     
  2.100000000000000E-002 -0.978147600733806     
  2.150000000000000E-002 -0.998629534754574     
  2.200000000000000E-002 -0.994521895368273     
  2.250000000000000E-002 -0.965925826289068     
  2.300000000000000E-002 -0.913545457642601     
  2.350000000000000E-002 -0.838670567945424     
  2.400000000000000E-002 -0.743144825477394     
  2.450000000000000E-002 -0.629320391049837     
  2.500000000000000E-002 -0.500000000000000     
  2.550000000000000E-002 -0.358367949545299     
  2.600000000000000E-002 -0.207911690817759     
  2.650000000000000E-002 -5.233595624294348E-002
  2.700000000000000E-002  0.104528463267654     
  2.750000000000000E-002  0.258819045102521     
  2.800000000000000E-002  0.406736643075801     
  2.850000000000000E-002  0.544639035015027     
  2.900000000000000E-002  0.669130606358859     
  2.950000000000000E-002  0.777145961456971     
  3.000000000000000E-002  0.866025403784439     
  3.050000000000000E-002  0.933580426497202     
  3.100000000000000E-002  0.978147600733806     
  3.150000000000000E-002  0.998629534754574     
  3.200000000000000E-002  0.994521895368273     
  3.250000000000000E-002  0.965925826289068     
  3.300000000000000E-002  0.913545457642601     
  3.350000000000000E-002  0.838670567945423     
  3.400000000000000E-002  0.743144825477393     
  3.450000000000000E-002  0.629320391049837     
  3.500000000000000E-002  0.499999999999998     
  3.550000000000000E-002  0.358367949545299     
  3.600000000000000E-002  0.207911690817757     
  3.650000000000000E-002  5.233595624294449E-002
  3.700000000000000E-002 -0.104528463267652     
  3.750000000000000E-002 -0.258819045102520     
  3.800000000000000E-002 -0.406736643075800     
  3.850000000000000E-002 -0.544639035015028     
  3.900000000000000E-002 -0.669130606358858     
  3.950000000000000E-002 -0.777145961456972     
