          80
  0.000000000000000E+000  0.000000000000000E+000
  5.000000000000000E-004  0.554489915639024     
  1.000000000000000E-003  0.614205021456682     
  1.500000000000000E-003  0.531830352606282     
  2.000000000000000E-003  0.403996073132169     
  2.500000000000000E-003  0.258319406806368     
  3.000000000000000E-003  0.104470650208384     
  3.500000000000000E-003 -5.232766301796679E-002
  4.000000000000000E-003 -0.207902251641600     
  4.500000000000001E-003 -0.358363288146711     
  5.000000000000000E-003 -0.499998136673414     
  5.500000000000000E-003 -0.629319719121932     
  6.000000000000000E-003 -0.743144598147668     
  6.500000000000001E-003 -0.838670494442254     
  7.000000000000000E-003 -0.913545434703482     
  7.500000000000000E-003 -0.965925819340069     
  8.000000000000000E-003 -0.994521893318411     
  8.500000000000001E-003 -0.998629534164853     
  9.000000000000001E-003 -0.978147600568313     
  9.500000000000000E-003 -0.933580426451948     
  1.000000000000000E-002 -0.866025403772411     
  1.050000000000000E-002 -0.777145961453878     
  1.100000000000000E-002 -0.669130606358096     
  1.150000000000000E-002 -0.544639035014849     
  1.200000000000000E-002 -0.406736643075762     
  1.250000000000000E-002 -0.258819045102514     
  1.300000000000000E-002 -0.104528463267652     
  1.350000000000000E-002  5.233595624294422E-002
  1.400000000000000E-002  0.207911690817760     
  1.450000000000000E-002  0.358367949545301     
  1.500000000000000E-002  0.500000000000000     
  1.550000000000000E-002  0.629320391049838     
  1.600000000000000E-002  0.743144825477395     
  1.650000000000000E-002  0.838670567945424     
  1.700000000000000E-002  0.913545457642601     
  1.750000000000000E-002  0.965925826289069     
  1.800000000000000E-002  0.994521895368273     
  1.850000000000000E-002  0.998629534754574     
  1.900000000000000E-002  0.978147600733806     
  1.950000000000000E-002  0.933580426497202     
  2.000000000000000E-002  0.866025403784438     
  2.050000000000000E-002  0.777145961456970     
  2.100000000000000E-002  0.669130606358858     
  2.150000000000000E-002  0.544639035015026     
  2.200000000000000E-002  0.406736643075801     
  2.250000000000000E-002  0.258819045102521     
  2.300000000000000E-002  0.104528463267654     
  2.350000000000000E-002 -5.233595624294400E-002
  2.400000000000000E-002 -0.207911690817759     
  2.450000000000000E-002 -0.358367949545301     
  2.500000000000000E-002 -0.500000000000000     
  2.550000000000000E-002 -0.629320391049838     
  2.600000000000000E-002 -0.743144825477394     
  2.650000000000000E-002 -0.838670567945424     
  2.700000000000000E-002 -0.913545457642601     
  2.750000000000000E-002 -0.965925826289068     
  2.800000000000000E-002 -0.994521895368273     
  2.850000000000000E-002 -0.998629534754574     
  2.900000000000000E-002 -0.978147600733805     
  2.950000000000000E-002 -0.933580426497201     
  3.000000000000000E-002 -0.866025403784439     
  3.050000000000000E-002 -0.777145961456971     
  3.100000000000000E-002 -0.669130606358858     
  3.150000000000000E-002 -0.544639035015027     
  3.200000000000000E-002 -0.406736643075799     
  3.250000000000000E-002 -0.258819045102521     
  3.300000000000000E-002 -0.104528463267653     
  3.350000000000000E-002  5.233595624294300E-002
  3.400000000000000E-002  0.207911690817761     
  3.450000000000000E-002  0.358367949545301     
  3.500000000000000E-002  0.500000000000001     
  3.550000000000000E-002  0.629320391049838     
  3.600000000000000E-002  0.743144825477396     
  3.650000000000000E-002  0.838670567945424     
  3.700000000000000E-002  0.913545457642600     
  3.750000000000000E-002  0.965925826289069     
  3.800000000000000E-002  0.994521895368273     
  3.850000000000000E-002  0.998629534754574     
  3.900000000000000E-002  0.978147600733806     
  3.950000000000000E-002  0.933580426497201     
