          20
  0.000000000000000E+000  0.000000000000000E+000
  5.000000000000000E-004  0.111615240411947     
  1.000000000000000E-003  0.283651334816919     
  1.500000000000000E-003  0.443313666545630     
  2.000000000000000E-003  0.583824786415682     
  2.500000000000000E-003  0.705741743976051     
  3.000000000000000E-003  0.808569539720175     
  3.500000000000000E-003  0.890865334113858     
  4.000000000000000E-003  0.951013338396114     
  4.500000000000001E-003  0.987675493438902     
  5.000000000000000E-003  0.999996273346828     
  5.500000000000000E-003  0.987687286036336     
  6.000000000000000E-003  0.951056225364758     
  6.500000000000001E-003  0.891006446098344     
  7.000000000000000E-003  0.809016974060538     
  7.500000000000000E-003  0.707106776099527     
  8.000000000000000E-003  0.587785251080958     
  8.500000000000001E-003  0.453990499471451     
  9.000000000000001E-003  0.309016994322665     
  9.500000000000000E-003  0.156434465032648     
