          20
  0.000000000000000E+000  0.000000000000000E+000
  5.000000000000000E-004 -0.666105156050971     
  1.000000000000000E-003 -0.897856356273601     
  1.500000000000000E-003 -0.975144019151911     
  2.000000000000000E-003 -0.987820859547852     
  2.500000000000000E-003 -0.964061150782419     
  3.000000000000000E-003 -0.913040189928559     
  3.500000000000000E-003 -0.838537671095892     
  4.000000000000000E-003 -0.743111086754514     
  4.500000000000001E-003 -0.629312205292191     
  5.000000000000000E-003 -0.499998136673414     
  5.500000000000000E-003 -0.358367566914404     
  6.000000000000000E-003 -0.207911627217091     
  6.500000000000001E-003 -5.233595165609053E-002
  7.000000000000000E-003  0.104528460642945     
  7.500000000000000E-003  0.258819043240542     
  8.000000000000000E-003  0.406736642237454     
  8.500000000000001E-003  0.544639034693401     
  9.000000000000001E-003  0.669130606245648     
  9.500000000000000E-003  0.777145961419300     
