          20
  0.000000000000000E+000  0.000000000000000E+000
  5.000000000000000E-004  0.554489915639024     
  1.000000000000000E-003  0.614205021456682     
  1.500000000000000E-003  0.531830352606282     
  2.000000000000000E-003  0.403996073132169     
  2.500000000000000E-003  0.258319406806368     
  3.000000000000000E-003  0.104470650208384     
  3.500000000000000E-003 -5.232766301796679E-002
  4.000000000000000E-003 -0.207902251641600     
  4.500000000000001E-003 -0.358363288146711     
  5.000000000000000E-003 -0.499998136673414     
  5.500000000000000E-003 -0.629319719121932     
  6.000000000000000E-003 -0.743144598147668     
  6.500000000000001E-003 -0.838670494442254     
  7.000000000000000E-003 -0.913545434703482     
  7.500000000000000E-003 -0.965925819340069     
  8.000000000000000E-003 -0.994521893318411     
  8.500000000000001E-003 -0.998629534164853     
  9.000000000000001E-003 -0.978147600568313     
  9.500000000000000E-003 -0.933580426451948     
